start=965.798167
volume=58.000000
fullscreen=yes
