start=868.702035
volume=70.000000
fullscreen=yes
